data/results/clusters.txt
(1.0, 1.0, 1.0)
data/results/result
(0.12323153223701383, 0.699614700652045, 0.20955213280660479)
data/results/result_1
(0.947754749568221, 0.6505631298162419, 0.7715289982425309)
data/results/result_2
(0.9372206420154409, 0.6836099585062241, 0.79057412167952)
data/results/result_3
(0.9192114418245072, 0.7048014226437463, 0.797852709276967)
data/results/result_4
(0.9022654933533046, 0.7141375222288086, 0.7972537017123005)
data/results/result_5
(0.8628933028651784, 0.727474807350326, 0.7894186700972903)
data/results/result_6
(0.8296098699566522, 0.7374036751630113, 0.7807939745802606)
data/results/result_7
(0.7794599656625566, 0.7400711321873148, 0.7592550361079438)
data/results/result_8
(0.6598621420996819, 0.7377000592768228, 0.6966134900643718)
data/results/result_9
(0.5056433408577878, 0.7302904564315352, 0.597550624469504)
data/results/result_10
(0.3609906665686779, 0.7279193835210432, 0.4826332596413658)
data/results/result_11
(0.21226770745553733, 0.7092471843509188, 0.3267451783580816)
data/results/result_12
(0.12323153223701383, 0.699614700652045, 0.20955213280660479)
data/results/result_13
(0.07361293842056285, 0.6799051570835803, 0.13284303790138113)
data/results/result_14
(0.04889694312719065, 0.6677534084173088, 0.09112142445475781)
